0	0	0	0	0	0	0	0	0	0	0	0	0	0	0	0	0	0	0	0	0	0	0	0	0	0	0	0	0	0	0	0	0	0	0	0	0	0	0	0	0	0	0	0	
0	0	0	0	0	0	0	0	0	0	0	0	0	0	0	0	0	0	0	0	0	0	0	0	0	0	0	0	0	0	0	0	0	0	0	0	0	0	0	0	0	0	0	0	
0	0	0	0	0	0	0	0	0	0	0	0	0	0	0	0	0	0	0	0	0	0	0	0	0	0	0	0	0	0	0	0	0	0	0	0	0	0	0	0	0	0	0	0	
0	0	0	0	0	0	0	0	0	0	0	0	0	0	0	0	0	0	0	0	0	0	0	0	0	0	0	0	0	0	0	0	0	0	0	0	0	0	0	0	0	0	0	0	
0	0	0	0	0	0	0	0	0	0	0	0	0	0	0	0	0	0	0	0	0	0	0	0	0	0	0	0	0	0	0	0	0	0	0	0	0	0	0	0	0	0	0	0	
0	0	0	0	0	0	0	0	0	0	0	0	0	0	0	0	0	0	0	0	0	0	0	0	0	0	0	0	1	3	6	8	10	10	9	6	4	2	1	0	0	0	0	0	
0	0	0	0	0	0	0	0	1	3	6	9	12	14	15	15	15	15	15	15	15	15	15	15	15	15	15	15	17	20	23	26	30	32	29	23	17	10	3	0	0	0	0	0	
0	0	0	0	0	1	3	6	11	17	22	26	29	30	30	30	30	30	30	30	30	30	30	30	30	30	30	30	31	32	32	33	35	39	38	32	25	17	6	0	0	0	0	0	
0	0	0	0	0	3	10	16	23	30	33	32	32	31	30	30	30	30	30	30	30	30	30	30	30	30	30	30	31	32	32	33	36	44	45	39	32	23	8	0	0	0	0	0	
0	0	0	0	0	5	16	23	30	37	38	33	32	31	30	30	30	30	30	30	30	30	30	30	30	30	30	30	31	32	32	33	38	50	52	46	39	28	9	0	0	0	0	0	
0	0	0	0	0	6	20	30	38	45	45	37	33	31	30	30	30	30	30	30	30	30	30	30	30	30	30	30	30	29	26	25	31	46	49	46	41	29	8	0	0	0	0	0	
0	0	0	0	0	6	21	34	44	50	47	35	25	18	15	15	15	15	15	15	15	15	15	15	15	15	15	15	14	12	9	7	14	30	35	35	34	24	6	0	0	0	0	0	
0	0	0	0	0	5	18	29	39	43	38	25	14	4	0	0	0	0	0	0	0	0	0	0	0	0	0	0	0	0	0	1	14	30	33	33	32	19	3	0	0	0	0	0	
0	0	0	0	0	3	11	19	29	36	34	26	18	8	1	0	0	0	0	0	0	0	0	0	0	0	0	0	0	0	0	3	19	32	33	33	30	14	1	0	0	0	0	0	
0	0	0	0	0	1	5	12	23	33	36	33	26	15	5	1	0	0	0	0	0	0	0	0	0	0	0	0	0	0	1	8	24	33	33	32	25	9	0	0	0	0	0	0	
0	0	0	0	0	0	1	5	15	26	34	36	32	22	11	3	0	0	0	0	0	0	0	0	0	0	0	0	0	0	3	14	28	34	34	31	20	6	0	0	0	0	0	0	
0	0	0	0	0	0	0	1	8	18	28	35	35	28	18	8	1	0	0	0	0	0	0	0	0	0	0	0	0	1	8	21	32	35	34	27	14	3	0	0	0	0	0	0	
0	0	0	0	0	0	0	0	3	11	22	32	36	34	26	15	5	1	0	0	0	0	0	0	0	0	0	0	0	3	14	27	34	35	32	21	8	1	0	0	0	0	0	0	
0	0	0	0	0	0	0	0	1	5	15	26	33	36	33	23	12	5	1	0	0	0	0	0	0	0	0	0	1	8	21	32	35	34	27	14	3	0	0	0	0	0	0	0	
0	0	0	0	0	0	0	0	0	1	8	18	26	34	36	29	19	11	3	0	0	0	0	0	0	0	0	0	3	14	27	34	35	32	21	8	1	0	0	0	0	0	0	0	
0	0	0	0	0	0	0	0	0	0	3	11	19	29	36	34	26	18	8	1	0	0	0	0	0	0	0	0	6	20	31	34	34	28	14	3	0	0	0	0	0	0	0	0	
0	0	0	0	0	0	0	0	0	0	1	5	12	23	33	36	33	26	15	5	1	0	0	0	0	0	0	1	11	26	33	34	33	23	8	1	0	0	0	0	0	0	0	0	
0	0	0	0	0	0	0	0	0	0	0	1	5	15	26	34	36	32	22	11	3	0	0	0	0	0	0	3	17	31	34	34	31	17	3	0	0	0	0	0	0	0	0	0	
0	0	0	0	0	0	0	0	0	0	0	0	1	8	18	28	35	35	28	18	8	1	0	0	0	0	0	6	22	32	33	33	27	11	1	0	0	0	0	0	0	0	0	0	
0	0	0	0	0	0	0	0	0	0	0	0	0	3	11	22	32	36	34	26	15	5	1	0	0	0	1	11	27	33	33	32	22	6	0	0	0	0	0	0	0	0	0	0	
0	0	0	0	0	0	0	0	0	0	0	0	0	1	5	15	26	34	36	32	22	11	3	0	0	0	3	17	31	34	34	31	17	3	0	0	0	0	0	0	0	0	0	0	
0	0	0	0	0	0	0	0	0	0	0	0	0	0	1	8	18	28	35	35	28	18	8	1	0	1	8	23	33	34	33	26	11	1	0	0	0	0	0	0	0	0	0	0	
0	0	0	0	0	0	0	0	0	0	0	0	0	0	0	3	11	22	32	36	34	26	15	5	1	3	14	28	34	34	31	20	6	0	0	0	0	0	0	0	0	0	0	0	
0	0	0	0	0	0	0	0	0	0	0	0	0	0	0	1	5	15	26	34	36	32	22	11	3	6	20	31	34	34	28	14	3	0	0	0	0	0	0	0	0	0	0	0	
0	0	0	0	0	0	0	0	0	0	0	0	0	0	0	0	1	8	18	28	35	35	28	18	9	12	26	33	34	33	23	8	1	0	0	0	0	0	0	0	0	0	0	0	
0	0	0	0	0	0	0	0	0	0	0	0	0	0	0	0	0	3	11	22	32	36	34	26	18	22	32	34	34	31	17	3	0	0	0	0	0	0	0	0	0	0	0	0	
0	0	0	0	0	0	0	0	0	0	0	0	0	0	0	0	0	1	5	15	26	34	36	33	30	34	36	34	33	26	11	1	0	0	0	0	0	0	0	0	0	0	0	0	
0	0	0	0	0	0	0	0	0	0	0	0	0	0	0	0	0	0	1	8	18	28	35	38	42	46	42	35	31	20	6	0	0	0	0	0	0	0	0	0	0	0	0	0	
0	0	0	0	0	0	0	0	0	0	0	0	0	0	0	0	0	0	0	3	11	22	32	42	52	55	47	37	27	14	3	0	0	0	0	0	0	0	0	0	0	0	0	0	
0	0	0	0	0	0	0	0	0	0	0	0	0	0	0	0	0	0	0	1	5	15	26	37	49	52	43	32	21	8	1	0	0	0	0	0	0	0	0	0	0	0	0	0	
0	0	0	0	0	0	0	0	0	0	0	0	0	0	0	0	0	0	0	0	1	8	18	29	40	42	35	25	14	3	0	0	0	0	0	0	0	0	0	0	0	0	0	0	
0	0	0	0	0	0	0	0	0	0	0	0	0	0	0	0	0	0	0	0	0	3	11	21	28	29	26	18	8	1	0	0	0	0	0	0	0	0	0	0	0	0	0	0	
0	0	0	0	0	0	0	0	0	0	0	0	0	0	0	0	0	0	0	0	0	1	5	12	15	15	14	10	3	0	0	0	0	0	0	0	0	0	0	0	0	0	0	0	
0	0	0	0	0	0	0	0	0	0	0	0	0	0	0	0	0	0	0	0	0	0	1	2	3	3	3	2	1	0	0	0	0	0	0	0	0	0	0	0	0	0	0	0	
0	0	0	0	0	0	0	0	0	0	0	0	0	0	0	0	0	0	0	0	0	0	0	0	0	0	0	0	0	0	0	0	0	0	0	0	0	0	0	0	0	0	0	0	
0	0	0	0	0	0	0	0	0	0	0	0	0	0	0	0	0	0	0	0	0	0	0	0	0	0	0	0	0	0	0	0	0	0	0	0	0	0	0	0	0	0	0	0	
0	0	0	0	0	0	0	0	0	0	0	0	0	0	0	0	0	0	0	0	0	0	0	0	0	0	0	0	0	0	0	0	0	0	0	0	0	0	0	0	0	0	0	0	
0	0	0	0	0	0	0	0	0	0	0	0	0	0	0	0	0	0	0	0	0	0	0	0	0	0	0	0	0	0	0	0	0	0	0	0	0	0	0	0	0	0	0	0	
0	0	0	0	0	0	0	0	0	0	0	0	0	0	0	0	0	0	0	0	0	0	0	0	0	0	0	0	0	0	0	0	0	0	0	0	0	0	0	0	0	0	0	0	
